[gd_scene load_steps=5 format=3 uid="uid://bhjwbe60vha51"]

[ext_resource type="PackedScene" uid="uid://colbenhotb1vv" path="res://Levels/level_template.tscn" id="1_ll1bl"]
[ext_resource type="PackedScene" uid="uid://ba1lhlowv02v7" path="res://Scenes/Game Objects/shock_wave_spawner.tscn" id="2_kbe2v"]
[ext_resource type="PackedScene" uid="uid://cheeey5c78fnh" path="res://Scenes/Collectables/health_collectable.tscn" id="3_dgq3b"]
[ext_resource type="PackedScene" uid="uid://wiv3mxvsbb5f" path="res://Scenes/Collectables/coin_collectable.tscn" id="4_bcgyv"]

[node name="Level 2" instance=ExtResource("1_ll1bl")]

[node name="Ground" parent="Grounds" index="0"]
width = 7
length = 7

[node name="Player" parent="." index="4"]
transform = Transform3D(1, 0, 0, 0, 1, 0, 0, 0, 1, 2, 0.5, 2)

[node name="Shock Wave Spawner" parent="Schock Wave Spawners" index="0" instance=ExtResource("2_kbe2v")]
transform = Transform3D(1, 0, 0, 0, 1, 0, 0, 0, 1, -3, 0, 0)

[node name="Shock Wave Spawner2" parent="Schock Wave Spawners" index="1" instance=ExtResource("2_kbe2v")]
transform = Transform3D(1, 0, 0, 0, 1, 0, 0, 0, 1, 1, 0, -3)

[node name="Collectables" parent="." index="6"]
transform = Transform3D(1, 0, 0, 0, 1, 0, 0, 0, 1, 1, 2, -3)

[node name="Health Collectable" parent="Collectables" index="0" instance=ExtResource("3_dgq3b")]

[node name="Health Collectable2" parent="Collectables" index="1" instance=ExtResource("3_dgq3b")]
transform = Transform3D(1, 0, 0, 0, 1, 0, 0, 0, 1, -4, 0, 3)

[node name="Coin Collectable" parent="Collectables" index="2" instance=ExtResource("4_bcgyv")]
transform = Transform3D(1, 0, 0, 0, 1, 0, 0, 0, 1, -4, -1, -1)

[node name="Speaker" parent="Background" index="0"]
transform = Transform3D(-3.4184518, 0, -2.0770617, 0, 4, 0, 2.0770617, 0, -3.4184518, 8.305018, 3.1477575, -5.3907833)

[node name="Speaker2" parent="Background" index="1"]
transform = Transform3D(3.7917855, 0, -1.2737198, 0, 4, 0, 1.2737198, 0, 3.7917855, -10.077997, 3.1477575, -4.7105756)

[node name="Disco Sphere" parent="Background" index="2"]
transform = Transform3D(10, 0, 0, 0, 10, 0, 0, 0, 10, -0.55043125, 8.89522, -22.21763)

[node name="Music Note" parent="Background" index="3"]
transform = Transform3D(0.61929953, 0, -0.7851548, 0, 1, 0, 0.7851548, 0, 0.61929953, -4.0456877, 0, -9.114853)

[node name="Music Note2" parent="Background" index="4"]
transform = Transform3D(0.7026003, 0, -0.71158475, 0, 1, 0, 0.71158475, 0, 0.7026003, 5.137511, 0, -12.841783)

[node name="Music Note3" parent="Background" index="5"]
transform = Transform3D(0.5900422, 0, -0.80737245, 0, 1, 0, 0.80737245, 0, 0.5900422, 29.979145, -6.9636726, -19.403273)

[node name="Double Music Note" parent="Background" index="6"]
transform = Transform3D(0.42617404, 0, -0.9046412, 0, 1, 0, 0.9046412, 0, 0.42617404, 29.822687, -13.02087, -14.894084)

[node name="Double Music Note2" parent="Background" index="7"]
transform = Transform3D(0.56328094, 0, -0.82626545, 0, 1, 0, 0.82626545, 0, 0.56328094, -22.282274, -8.097866, -3.331458)

[node name="Double Music Note3" parent="Background" index="8"]
transform = Transform3D(0.44724405, 0, -0.894412, 0, 1, 0, 0.894412, 0, 0.44724405, -26.432028, -4.6056786, -15.221094)
